"Integer_Variable_0 >= Integer_Variable_1 - -1",260
"Integer_Variable_0 > Integer_Variable_1 * Integer_Variable_2",13
"(Integer_Variable_0 < 1) iff (Integer_Variable_1 < 0)",274
"Integer_Variable_0 > Integer_Variable_1",18
"(Integer_Variable_0 <= Integer_Variable_1) implies (Integer_Variable_1 < Integer_Variable_2)",277
"(Integer_Variable_0 = 0) iff (Integer_Variable_1 <= Integer_Variable_2)",22
"Integer_Variable_0 = Integer_Variable_1 + 1",279
"(Integer_Variable_0 <= Integer_Variable_1) implies (Integer_Variable_1 > 0)",280
"Integer_Variable_0 > 0",28
"(Integer_Variable_0 > Integer_Variable_1) xor (Integer_Variable_1 != 0)",286
"Integer_Variable_0 != Integer_Variable_1 % 1",292
"Integer_Variable_0 != 0",293
"(Integer_Variable_0 != Integer_Variable_1) implies (Integer_Variable_1 <= Integer_Variable_2)",296
"(Integer_Variable_0 != Integer_Variable_1) xor (Integer_Variable_1 = 1)",297
"Integer_Variable_0 > Integer_Variable_1 * 1",302
"Integer_Variable_0 = Integer_Variable_1 - Integer_Variable_2",50
"Integer_Variable_0 > Integer_Variable_1 / -1",306
"(Integer_Variable_0 < 1) xor (Integer_Variable_1 <= Integer_Variable_2)",308
"(Integer_Variable_0 != 1) implies (Integer_Variable_1 >= Integer_Variable_2)",313
"(Integer_Variable_0 = 1) or (Integer_Variable_1 != Integer_Variable_2)",60
"(Integer_Variable_0 != Integer_Variable_1) iff (Integer_Variable_1 >= 0)",63
"(Integer_Variable_0 <= 0) xor (Integer_Variable_1 <= Integer_Variable_2)",67
"Integer_Variable_0 >= Integer_Variable_1 + 1",70
"(Integer_Variable_0 <= 0) implies (Integer_Variable_1 > Integer_Variable_2)",71
"Integer_Variable_0 > Integer_Variable_1 * -1",329
"Integer_Variable_0 >= 1",76
"(Integer_Variable_0 != Integer_Variable_1) or (Integer_Variable_1 < Integer_Variable_2)",338
"Integer_Variable_0 != Integer_Variable_1 + -1",84
"Integer_Variable_0 != Integer_Variable_1",86
"Integer_Variable_0 != Integer_Variable_1 - 1",348
"(Integer_Variable_0 != 1) xor (Integer_Variable_1 <= Integer_Variable_2)",93
"Integer_Variable_0 != Integer_Variable_1 * Integer_Variable_2",94
"Integer_Variable_0 > Integer_Variable_1 / 1",355
"Integer_Variable_0 >= Integer_Variable_1 - Integer_Variable_2",104
"(Integer_Variable_0 >= 1) iff (Integer_Variable_1 <= Integer_Variable_2)",107
"Integer_Variable_0 > Integer_Variable_1 % -1",108
"Integer_Variable_0 = Integer_Variable_1 - -1",110
"(Integer_Variable_0 < Integer_Variable_1) implies (Integer_Variable_1 = Integer_Variable_2)",374
"(Integer_Variable_0 > Integer_Variable_1) xor (Integer_Variable_1 != Integer_Variable_2)",119
"Integer_Variable_0 > Integer_Variable_1 + 0",379
"(Integer_Variable_0 != Integer_Variable_1) iff (Integer_Variable_1 >= -1)",124
"(Integer_Variable_0 != Integer_Variable_1) or (Integer_Variable_1 > Integer_Variable_2)",130
"Integer_Variable_0 != Integer_Variable_1 % -1",390
"Integer_Variable_0 > Integer_Variable_1 - Integer_Variable_2",144
"Integer_Variable_0 != Integer_Variable_1 + 0",145
"(Integer_Variable_0 > 0) iff (Integer_Variable_1 <= Integer_Variable_2)",157
"(Integer_Variable_0 != Integer_Variable_1) or (Integer_Variable_1 >= Integer_Variable_2)",160
"Integer_Variable_0 > Integer_Variable_1 % 1",417
"(Integer_Variable_0 > Integer_Variable_1) iff (Integer_Variable_1 = Integer_Variable_2)",419
"(Integer_Variable_0 != Integer_Variable_1) or (Integer_Variable_1 = Integer_Variable_2)",167
"Integer_Variable_0 != Integer_Variable_1 * -1",169
"(Integer_Variable_0 <= Integer_Variable_1) implies (Integer_Variable_1 != Integer_Variable_2)",171
"(Integer_Variable_0 = Integer_Variable_1) implies (Integer_Variable_1 > Integer_Variable_2)",180
"(Integer_Variable_0 >= 1) xor (Integer_Variable_1 < Integer_Variable_2)",189
"Integer_Variable_0 != Integer_Variable_1 * 0",192
"Integer_Variable_0 >= Integer_Variable_1 + -1",203
"(Integer_Variable_0 >= 1) or (Integer_Variable_1 >= 1)",218
"Integer_Variable_0 != Integer_Variable_1 * 1",221
"Integer_Variable_0 > Integer_Variable_1 * 0",235
"Integer_Variable_0 != Integer_Variable_1 - 0",237
"Integer_Variable_0 != Integer_Variable_1 - Integer_Variable_2",244
"Integer_Variable_0 != Integer_Variable_1 / -1",246
"Integer_Variable_0 != Integer_Variable_1 + Integer_Variable_2",255
